Depth	Signal	EC.Value	HP.PresDown	color
0.25	2.257	10.21	2.75	#6B8E23
0.5	2.047	9.29	2.55	#6B8E23
0.75	1.246	9.28	2.86	#6B8E23
1	0.124	10.19	2.9	#B0B0B0
1.25	0.073	9.38	2.65	#B0B0B0
1.5	0.053	9.78	2.77	#B0B0B0
1.75	0.31	9.4	2.63	#B0B0B0
2	0.278	9.78	2.83	#B0B0B0
2.25	0.066	10.11	2.71	#B0B0B0
2.5	0.168	10.78	2.87	#B0B0B0
2.75	0.3	10.38	2.81	#B0B0B0
3	0.085	10.13	3.06	#B0B0B0
3.25	0.219	9.98	2.72	#B0B0B0
3.5	0.009	9.73	3.11	#B0B0B0
3.75	0.168	10.8	3.12	#B0B0B0
4	0.12	9.54	3.15	#B0B0B0
4.25	0.193	10.45	3.16	#B0B0B0
4.5	0.029	10.15	3.1	#B0B0B0
4.75	0.271	9.66	3.29	#B0B0B0
5	0.16	10.4	2.96	#B0B0B0
5.25	0.168	9.52	3.01	#B0B0B0
5.5	0.405	9.47	2.98	#B0B0B0
5.75	0.156	9.96	2.8	#B0B0B0
6	0.338	9.07	2.64	#B0B0B0
6.25	0.289	7.63	2.56	#B0B0B0
6.5	0.392	8.53	2.28	#B0B0B0
6.75	0.296	6.63	2.47	#B0B0B0
7	0.501	6.54	2.01	#6B8E23
7.25	1.144	5.22	1.5	#6B8E23
7.5	0.76	5.74	1.82	#6B8E23
7.75	0.856	5.38	1.89	#6B8E23
8	0.747	5.88	2.01	#6B8E23
8.25	1.791	5.72	2.65	#6B8E23
8.5	1.52	7.04	2.72	#6B8E23
8.75	2.893	7.34	3.28	#6B8E23
9	2.963	8.5	3.64	#6B8E23
9.25	4.08	8.58	3.77	#D4C84A
9.5	4.95	8.06	3.92	#D4C84A
9.75	3.426	7.85	4.07	#D4C84A
10	3.592	7.39	4.19	#D4C84A
10.25	6.06	9.74	3.98	#D4C84A
10.5	10.674	10.52	4.17	#D4C84A
10.75	9.567	10.53	4.47	#D4C84A
11	16.898	11.74	4.28	#E07B30
11.25	8.229	9.16	4.47	#D4C84A
11.5	18.799	11.2	4.51	#E07B30
11.75	12.966	9.86	4.75	#E07B30
12	12.162	10.63	4.64	#E07B30
12.25	26.201	12.08	4.35	#E07B30
12.5	17.613	11.63	4.32	#E07B30
12.75	33.894	11.32	4.41	#E07B30
13	19.818	11.39	4.4	#E07B30
13.25	20.259	10.63	4.02	#E07B30
13.5	19.204	9.37	3.93	#E07B30
13.75	40.497	9.65	3.76	#C03020
14	21.036	10.49	3.9	#E07B30
14.25	35.755	9.55	3.53	#C03020
14.5	28.876	9.25	4.12	#E07B30
14.75	32.835	10.98	4.49	#E07B30
15	32.462	11.09	5	#E07B30
15.25	34.467	12.19	5.29	#E07B30
15.5	29.146	13.28	5.75	#E07B30
15.75	49.057	13.73	5.85	#C03020
16	16.759	12.26	6.13	#E07B30
16.25	38.895	14.72	6.46	#C03020
16.5	28.179	13.79	6.6	#E07B30
16.75	26.613	15.01	7.04	#E07B30
17	25.258	14.03	7	#E07B30
17.25	26.308	15.11	6.77	#E07B30
17.5	38.654	13.98	7.29	#C03020
17.75	31.381	13.93	7.36	#E07B30
18	32.631	15.16	7.47	#E07B30
18.25	49.434	13.97	7.59	#C03020
18.5	41.584	13.14	7.87	#C03020
18.75	20.392	12.41	7.83	#E07B30
19	29.102	14.14	7.9	#E07B30
19.25	24.496	12.29	7.89	#E07B30
19.5	25.042	12.99	7.66	#E07B30
19.75	18.33	10.56	7.73	#E07B30
20	15.012	9.87	7.4	#E07B30
20.25	22.255	9.8	7.4	#E07B30
20.5	21.849	9.08	7.17	#E07B30
20.75	14.046	8.82	7.68	#E07B30
21	13.496	9	7.84	#E07B30
21.25	12.121	9.3	7.94	#E07B30
21.5	12.79	8.77	8.97	#E07B30
21.75	4.14	8.29	9.34	#D4C84A
22	7.414	9.79	9.53	#D4C84A
22.25	3.264	8.18	9.97	#D4C84A
22.5	4.692	9.01	9.94	#D4C84A
22.75	1.935	9.05	10.3	#6B8E23
23	2.088	8.25	10.44	#6B8E23
23.25	2.966	8.13	10.75	#6B8E23
23.5	1.543	8.13	10.72	#6B8E23
23.75	0.559	7.71	10.57	#6B8E23
24	0.807	7.92	10.86	#6B8E23
24.25	0.674	7.71	10.96	#6B8E23
24.5	0.276	8.07	11.29	#B0B0B0
24.75	0.32	8.07	11.07	#B0B0B0
25	0.389	7.59	11.43	#B0B0B0
25.25	0.243	7.73	11.45	#B0B0B0
25.5	0.213	8.89	11.47	#B0B0B0
25.75	0.137	8.38	11.26	#B0B0B0
26	0.176	8.29	11.49	#B0B0B0
26.25	0.077	8.38	11.78	#B0B0B0
26.5	0.043	8.43	11.72	#B0B0B0
26.75	0.27	8.72	11.84	#B0B0B0
27	0.309	8.05	11.83	#B0B0B0
27.25	0.033	8.02	11.84	#B0B0B0
27.5	0.165	8.47	11.96	#B0B0B0
27.75	0.108	8.9	12.18	#B0B0B0
28	0.095	9.26	12.04	#B0B0B0
28.25	0.191	9.15	12.08	#B0B0B0
28.5	0.251	10.05	12.24	#B0B0B0
28.75	0.171	9.11	12.24	#B0B0B0
29	0.053	9.85	12.31	#B0B0B0
29.25	0.043	10.32	12.25	#B0B0B0
29.5	0.093	9.28	12.51	#B0B0B0
29.75	0.066	9.91	12.33	#B0B0B0
30	0.106	9.64	12.62	#B0B0B0
30.25	0.164	11.09	12.98	#B0B0B0
30.5	0.025	10.82	12.75	#B0B0B0
30.75	0.071	9.28	12.88	#B0B0B0
31	0.095	10.7	12.88	#B0B0B0
31.25	0.333	10.2	12.93	#B0B0B0
31.5	0.099	10.34	13.26	#B0B0B0
31.75	0.093	10.61	13.12	#B0B0B0
32	0.139	10.78	13.06	#B0B0B0
32.25	0.046	9.86	13.36	#B0B0B0
32.5	0.21	9.92	13.33	#B0B0B0
32.75	0.009	10.49	12.97	#B0B0B0
33	0.169	9.57	13.69	#B0B0B0
33.25	0.123	9.39	13.64	#B0B0B0
33.5	0.076	8.37	13.93	#B0B0B0
33.75	0.094	10.25	13.97	#B0B0B0
34	0.261	9.69	14.09	#B0B0B0
34.25	0.154	9.46	13.87	#B0B0B0
34.5	0.085	9.7	14.23	#B0B0B0
34.75	0.015	8.76	14.53	#B0B0B0
35	0.201	9.38	14.63	#B0B0B0
35.25	0.093	8.94	15.08	#B0B0B0
35.5	0.006	9.32	14.97	#B0B0B0
35.75	0.086	8.22	15.01	#B0B0B0
36	0.291	8.78	15	#B0B0B0
36.25	0.372	8.63	15.49	#B0B0B0
36.5	0.158	8.11	15.72	#B0B0B0
36.75	0.052	8.55	15.71	#B0B0B0
37	0.004	8.04	15.59	#B0B0B0
37.25	0.069	8.32	16.13	#B0B0B0
37.5	0.021	8.23	16	#B0B0B0
